Execução serial
0.000019
0.000019
0.000019
0.000019
0.000020
0.000019
0.000019
0.000019
0.000019
0.000019
0.000210
0.000207
0.000202
0.000243
0.000207
0.000208
0.000202
0.000201
0.000208
0.000206
0.001069
0.001080
0.001102
0.001070
0.001091
0.001073
0.001067
0.001080
0.001071
0.001085
0.010978
0.010925
0.010933
0.010930
0.010949
0.010946
0.010917
0.010951
0.010922
0.010981
0.165697
0.165517
0.165984
0.165507
0.163765
0.164146
0.164220
0.163122
0.114564
0.114813
1.237283
1.356301
1.180143
1.668524
1.733614
0.393767
0.289195
0.815004
0.901296
1.131994
Execução paralela 2T
0.000336
0.000348
0.000342
0.000329
0.000308
0.000301
0.000296
0.000270
0.000279
0.000268
0.000345
0.000328
0.000289
0.000342
0.000359
0.000343
0.000335
0.000345
0.000334
0.000350
0.000727
0.000731
0.000727
0.000739
0.000745
0.000741
0.000740
0.000735
0.000719
0.000739
0.005130
0.005134
0.005100
0.005117
0.005127
0.005101
0.005104
0.005159
0.005138
0.005158
0.019626
0.019605
0.019689
0.019659
0.019677
0.019629
0.019651
0.019586
0.050092
0.044226
0.812190
0.145270
0.261811
0.877726
0.327015
0.167511
0.166712
0.441909
0.480523
0.343596
Execução paralela 4T
0.000399
0.000354
0.000345
0.000340
0.000341
0.000341
0.000346
0.000337
0.000338
0.000329
0.000446
0.000434
0.000437
0.000448
0.000435
0.000430
0.000427
0.000457
0.000442
0.000440
0.001122
0.001109
0.001096
0.001117
0.001101
0.001292
0.001104
0.001109
0.001280
0.001097
0.006021
0.006002
0.005979
0.005970
0.005992
0.005960
0.006007
0.009128
0.005990
0.005967
0.051477
0.041952
0.041958
0.058567
0.042577
0.059929
0.061677
0.062087
0.044792
0.049964
0.194748
0.398355
0.196800
0.224468
0.293180
0.271820
0.220879
0.129123
0.428843
0.446594
Execução paralela 8T
0.000552
0.000487
0.000489
0.000480
0.000477
0.000479
0.000448
0.000477
0.000460
0.000437
0.000801
0.000772
0.000762
0.000807
0.000813
0.000760
0.000771
0.000799
0.000788
0.000782
0.000873
0.000877
0.000854
0.000853
0.000858
0.000866
0.000874
0.000870
0.000858
0.000856
0.003509
0.003507
0.003480
0.003622
0.003511
0.003473
0.003494
0.003485
0.003456
0.003479
0.016145
0.016171
0.016132
0.016182
0.016144
0.016945
0.016134
0.018646
0.018641
0.018619
0.236631
0.280801
0.045269
0.045363
0.169706
0.236917
0.269376
0.491351
0.210665
0.240378
Execução paralela 16T
0.001606
0.001584
0.001556
0.001585
0.001540
0.001540
0.001590
0.001521
0.001595
0.001552
0.001273
0.001281
0.001260
0.001250
0.001317
0.001239
0.001232
0.001248
0.001299
0.001245
0.002627
0.002693
0.002677
0.002688
0.002731
0.002591
0.002582
0.002633
0.002665
0.002661
0.004666
0.005100
0.004014
0.004195
0.004667
0.004635
0.004585
0.003834
0.004125
0.004682
0.016913
0.016218
0.016778
0.017236
0.016757
0.007919
0.008449
0.007554
0.007491
0.007921
0.285947
0.195263
0.147290
0.287877
0.195365
0.147286
0.147837
0.306937
0.382656
0.214886
Execução paralela 32T
0.001889
0.001849
0.001817
0.001779
0.001909
0.001794
0.001764
0.001806
0.001889
0.001894
0.002670
0.002639
0.002645
0.002655
0.002697
0.002625
0.002632
0.002604
0.002687
0.002630
0.003395
0.003388
0.003432
0.003355
0.003368
0.003371
0.003424
0.003437
0.003413
0.003369
0.007331
0.008690
0.009065
0.009030
0.008939
0.007640
0.008411
0.008971
0.009023
0.009264
0.031087
0.007888
0.009093
0.008518
0.010032
0.010600
0.010651
0.008451
0.007881
0.010663
0.434477
0.156941
0.184348
0.243694
0.509615
0.052665
0.146975
0.192138
0.067530
0.065299
