0.000419
0.000352
0.000365
0.000358
0.000337
0.000345
0.000340
0.000344
0.000330
0.000349
0.000344
0.000362
0.000346
0.000344
0.000337
0.000343
0.000347
0.000325
0.000344
0.000348
0.000334
0.000342
0.000330
0.000344
0.000332
0.000355
0.000347
0.000343
0.000350
0.000340
0.000347
0.000326
0.000323
0.000339
0.000356
0.000345
0.000323
0.000321
0.000342
0.000332
0.000324
0.000324
0.000319
0.000332
0.000329
0.000352
0.000334
0.000333
0.000339
0.000339
0.000341
0.000333
0.000336
0.000319
0.000321
0.000317
0.000324
0.000347
0.000326
0.000320
0.000693
0.000689
0.000684
0.000688
0.000683
0.000677
0.000664
0.000669
0.000681
0.000692
0.000686
0.000680
0.000674
0.000676
0.000668
0.000674
0.000680
0.000678
0.000683
0.000679
0.000683
0.000675
0.000680
0.000685
0.000677
0.000679
0.000676
0.000679
0.000677
0.000679
0.004954
0.003634
0.003640
0.003616
0.003648
0.003640
0.003641
0.003648
0.003709
0.003638
0.003644
0.003645
0.003695
0.003654
0.003646
0.004917
0.003662
0.004939
0.004944
0.003648
0.004929
0.003682
0.003708
0.004934
0.004929
0.003649
0.004917
0.004955
0.004991
0.004928
0.034787
0.009839
0.009782
0.009802
0.009792
0.009816
0.009763
0.009790
0.009783
0.007808
0.007795
0.009827
0.009776
0.007701
0.007710
0.007672
0.006320
0.006358
0.007685
0.007676
0.007685
0.006322
0.007683
0.006632
0.007714
0.007724
0.018644
0.024170
0.018590
0.018556
0.108361
0.515144
0.061680
0.098963
0.105149
0.205007
0.263019
0.288848
0.129183
0.369101
0.256198
0.245745
0.202519
0.171168
0.329805
0.073768
0.073453
0.455361
0.277660
0.599000
0.224473
0.220544
0.320319
0.389729
0.506408
0.471398
0.265163
0.454936
0.228906
0.349187
