0.000005
0.000005
0.000005
0.000004
0.000005
0.000004
0.000005
0.000004
0.000005
0.000005
0.000005
0.000005
0.000005
0.000005
0.000004
0.000004
0.000005
0.000005
0.000004
0.000005
0.000005
0.000005
0.000005
0.000005
0.000005
0.000004
0.000004
0.000004
0.000005
0.000004
0.000035
0.000035
0.000035
0.000035
0.000035
0.000035
0.000035
0.000035
0.000035
0.000035
0.000035
0.000035
0.000035
0.000035
0.000041
0.000035
0.000036
0.000035
0.000035
0.000035
0.000035
0.000035
0.000035
0.000035
0.000035
0.000035
0.000035
0.000035
0.000035
0.000034
0.001733
0.001722
0.001731
0.001750
0.001733
0.001719
0.001717
0.001722
0.001741
0.001732
0.001726
0.001734
0.001751
0.001717
0.001722
0.001738
0.001735
0.001723
0.001718
0.001738
0.001742
0.001722
0.001729
0.001737
0.001749
0.001719
0.001723
0.001737
0.001739
0.001737
0.018332
0.018284
0.018232
0.018266
0.018188
0.018255
0.018232
0.018299
0.018237
0.018283
0.018289
0.018224
0.018228
0.018221
0.018265
0.018707
0.018200
0.017809
0.017879
0.017830
0.017811
0.017808
0.017907
0.017836
0.017861
0.017828
0.017876
0.017822
0.017819
0.017818
0.099938
0.099832
0.099991
0.100481
0.110812
0.110746
0.110725
0.110651
0.111400
0.110483
0.128989
0.128884
0.129066
0.128849
0.129045
0.176255
0.176180
0.176597
0.176225
0.090645
0.090657
0.090545
0.090493
0.090498
0.090631
0.074411
0.074208
0.074247
0.074320
0.074402
1.431117
1.285306
1.060451
1.326610
0.808834
0.621349
2.050008
2.059443
1.071322
1.961075
0.688733
1.266608
0.347744
1.509273
1.561619
0.472801
0.258129
0.556497
1.261140
0.826495
1.769795
1.391928
0.880623
0.815541
1.175916
0.846609
2.066430
0.915091
0.493610
0.801611
