0.001069
0.000998
0.000983
0.000972
0.000967
0.000980
0.000990
0.000945
0.000969
0.000974
0.000977
0.001006
0.000963
0.000977
0.000944
0.000976
0.000966
0.000941
0.000942
0.000979
0.000963
0.000962
0.000967
0.000927
0.000957
0.001004
0.000938
0.000981
0.000952
0.000945
0.000804
0.000803
0.000784
0.000790
0.000798
0.000812
0.000812
0.000806
0.000788
0.000826
0.000785
0.000802
0.000774
0.000821
0.000814
0.000807
0.000813
0.000821
0.000799
0.000815
0.000820
0.000869
0.000812
0.000807
0.000808
0.000789
0.000857
0.000818
0.000793
0.000855
0.001822
0.001838
0.001951
0.001969
0.001967
0.001955
0.001963
0.001982
0.001951
0.001816
0.001820
0.001941
0.001940
0.001818
0.001823
0.001970
0.001820
0.001836
0.001825
0.001856
0.001826
0.001926
0.001953
0.001954
0.001923
0.001824
0.001942
0.001918
0.001969
0.001933
0.004878
0.006806
0.006101
0.006949
0.005835
0.004944
0.004840
0.004504
0.004950
0.005116
0.004513
0.004947
0.005611
0.005876
0.006056
0.005154
0.005028
0.004775
0.004806
0.005067
0.004735
0.005050
0.004182
0.004880
0.005932
0.006000
0.005619
0.005036
0.004312
0.004745
0.014065
0.012935
0.030426
0.027954
0.029938
0.029430
0.028383
0.028674
0.029301
0.029617
0.029503
0.028896
0.039235
0.041246
0.042289
0.041341
0.042867
0.040899
0.041868
0.039876
0.041231
0.039814
0.040965
0.042702
0.042232
0.042684
0.043057
0.044447
0.043123
0.043798
0.380166
0.066199
0.066238
0.129246
0.240008
0.285246
0.237071
0.176434
0.296401
0.278629
0.428730
0.158406
0.523894
0.402001
0.293491
0.060107
0.424259
0.286953
0.081418
0.078554
0.221361
0.326768
0.181125
0.281262
0.120141
0.372947
0.132386
0.120825
0.389977
0.364034
