0.000210
0.000200
0.000161
0.000166
0.000170
0.000151
0.000158
0.000164
0.000157
0.000152
0.000157
0.000150
0.000152
0.000149
0.000153
0.000137
0.000148
0.000140
0.000142
0.000134
0.000152
0.000139
0.000148
0.000150
0.000156
0.000142
0.000137
0.000137
0.000155
0.000149
0.000370
0.000358
0.000365
0.000368
0.000365
0.000377
0.000372
0.000373
0.000377
0.000369
0.000379
0.000387
0.000371
0.000377
0.000363
0.000371
0.000375
0.000371
0.000370
0.000371
0.000380
0.000375
0.000380
0.000375
0.000378
0.000366
0.000399
0.000377
0.000372
0.000371
0.000903
0.000891
0.000892
0.000901
0.000899
0.000921
0.000897
0.000912
0.000898
0.000893
0.000900
0.000899
0.000895
0.000910
0.000907
0.000896
0.000917
0.000891
0.000913
0.000918
0.000899
0.000910
0.000903
0.000914
0.000911
0.000959
0.000896
0.000922
0.000906
0.000906
0.008161
0.008136
0.008125
0.008115
0.008257
0.008130
0.008124
0.008161
0.008142
0.008103
0.008131
0.008108
0.008208
0.008096
0.008148
0.011575
0.011594
0.008096
0.008157
0.008100
0.008161
0.008085
0.008124
0.008084
0.008155
0.008094
0.008102
0.008148
0.008133
0.008153
0.068548
0.068477
0.030222
0.022577
0.022583
0.022454
0.022551
0.022569
0.022512
0.022535
0.022511
0.022446
0.022479
0.097582
0.097439
0.097454
0.097587
0.097398
0.097742
0.097533
0.097198
0.097352
0.097394
0.097133
0.097550
0.014236
0.014234
0.014197
0.014159
0.014221
0.882769
0.788712
0.847867
0.484012
0.841901
0.684432
0.728319
0.109593
0.514636
0.651637
0.781665
0.173112
0.505988
0.456681
0.973462
0.123236
0.210492
0.210183
0.551482
0.818523
0.174834
0.544143
0.719335
0.367758
0.122774
0.122275
0.308675
0.764934
0.226282
0.628721
