0.001606
0.001609
0.001519
0.001552
0.001569
0.001549
0.001537
0.001470
0.001530
0.001493
0.001551
0.001625
0.001494
0.001624
0.001445
0.001560
0.001493
0.001581
0.001496
0.001539
0.001470
0.001490
0.001455
0.001501
0.001471
0.001452
0.001460
0.001506
0.001496
0.001445
0.004435
0.004348
0.004439
0.004472
0.004437
0.004436
0.004494
0.004454
0.004357
0.004382
0.004469
0.004405
0.004389
0.004360
0.004371
0.004458
0.004456
0.004461
0.004454
0.004373
0.004397
0.004464
0.004439
0.004431
0.004384
0.004404
0.004419
0.004436
0.004445
0.004374
0.003282
0.003883
0.003295
0.003281
0.003259
0.003269
0.003243
0.003324
0.003583
0.003269
0.003254
0.003303
0.003254
0.003258
0.003164
0.003169
0.003229
0.003232
0.003198
0.003307
0.003275
0.003243
0.003200
0.003220
0.003280
0.003253
0.003280
0.003291
0.003290
0.003289
0.006707
0.008404
0.006549
0.007170
0.008200
0.006302
0.008063
0.006872
0.009590
0.006503
0.007871
0.005960
0.007743
0.008530
0.006610
0.008523
0.007718
0.008289
0.007157
0.006797
0.006135
0.007861
0.008578
0.008524
0.008453
0.006373
0.006851
0.005797
0.008283
0.006562
0.047156
0.011217
0.012753
0.012687
0.014963
0.014038
0.014883
0.013381
0.012104
0.013163
0.012600
0.013209
0.013974
0.039413
0.038686
0.037771
0.040240
0.038746
0.039259
0.040125
0.039513
0.038259
0.043204
0.043371
0.043043
0.044999
0.044028
0.043009
0.041740
0.043902
0.152518
0.138013
0.226072
0.374303
0.078392
0.160143
0.191874
0.178759
0.181969
0.356968
0.419574
0.217526
0.222872
0.255199
0.139632
0.265554
0.160009
0.165031
0.342151
0.187835
0.284197
0.121276
0.117728
0.636690
0.184116
0.051689
0.054075
0.274417
0.510709
0.257746
