0.000912
0.000912
0.000880
0.000825
0.000895
0.000882
0.000852
0.000832
0.000840
0.000822
0.000850
0.000836
0.000888
0.000826
0.000852
0.000839
0.000845
0.000868
0.000823
0.000846
0.000864
0.000812
0.000836
0.000863
0.000838
0.000838
0.000816
0.000847
0.000867
0.000807
0.000782
0.000767
0.000762
0.000765
0.000752
0.000768
0.000808
0.000761
0.000757
0.000787
0.000764
0.000747
0.000781
0.000767
0.000756
0.000766
0.000787
0.000765
0.000781
0.000766
0.000779
0.000780
0.000771
0.000794
0.000783
0.000783
0.000772
0.000772
0.000761
0.000785
0.000836
0.000830
0.000873
0.000849
0.000868
0.000856
0.000861
0.000849
0.000840
0.000831
0.000837
0.000845
0.000887
0.000849
0.000831
0.000834
0.000816
0.000843
0.000840
0.000835
0.000835
0.000854
0.000831
0.000841
0.000833
0.000850
0.000834
0.000830
0.000859
0.000857
0.003465
0.003428
0.003434
0.003440
0.003469
0.003432
0.003426
0.003464
0.003458
0.003436
0.003461
0.003434
0.003422
0.003434
0.003423
0.003425
0.003414
0.003441
0.003413
0.003438
0.003439
0.003419
0.003456
0.003430
0.003430
0.003434
0.003479
0.003436
0.003435
0.003916
0.013167
0.013246
0.009554
0.009499
0.009439
0.009489
0.009480
0.009504
0.009488
0.009466
0.009459
0.009456
0.009453
0.009989
0.009455
0.008649
0.008655
0.008644
0.008651
0.008653
0.008699
0.008673
0.008664
0.008658
0.008676
0.008671
0.008699
0.008662
0.018578
0.018619
0.230804
0.151517
0.087875
0.087882
0.396853
0.376292
0.138781
0.244873
0.200168
0.113034
0.204886
0.178399
0.178135
0.047805
0.404864
0.329731
0.176575
0.113235
0.346586
0.074587
0.097430
0.097144
0.218231
0.319578
0.213150
0.539499
0.192777
0.051988
0.230183
0.246729
